V:spaceman-editor-26187.00000000
80001
1 80001U 26001A   26187.00000000  .00000000  00000-0  00000-0 0  9992
2 80001  53.0000   0.0000 0001000   0.0000   0.0000 15.05490646     0
80002
1 80002U 26001A   26187.00000000  .00000000  00000-0  00000-0 0  9993
2 80002  53.0000   0.0000 0001000   0.0000  24.0000 15.05490646     7
80003
1 80003U 26001A   26187.00000000  .00000000  00000-0  00000-0 0  9994
2 80003  53.0000   0.0000 0001000   0.0000  48.0000 15.05490646     4
80004
1 80004U 26001A   26187.00000000  .00000000  00000-0  00000-0 0  9995
2 80004  53.0000   0.0000 0001000   0.0000  72.0000 15.05490646     2
80005
1 80005U 26001A   26187.00000000  .00000000  00000-0  00000-0 0  9996
2 80005  53.0000   0.0000 0001000   0.0000  96.0000 15.05490646     9
80006
1 80006U 26001A   26187.00000000  .00000000  00000-0  00000-0 0  9997
2 80006  53.0000   0.0000 0001000   0.0000 120.0000 15.05490646     8
80007
1 80007U 26001A   26187.00000000  .00000000  00000-0  00000-0 0  9998
2 80007  53.0000   0.0000 0001000   0.0000 144.0000 15.05490646     5
80008
1 80008U 26001A   26187.00000000  .00000000  00000-0  00000-0 0  9999
2 80008  53.0000   0.0000 0001000   0.0000 168.0000 15.05490646     2
80009
1 80009U 26001A   26187.00000000  .00000000  00000-0  00000-0 0  9990
2 80009  53.0000   0.0000 0001000   0.0000 192.0000 15.05490646     0
80010
1 80010U 26001A   26187.00000000  .00000000  00000-0  00000-0 0  9992
2 80010  53.0000   0.0000 0001000   0.0000 216.0000 15.05490646     9
80011
1 80011U 26001A   26187.00000000  .00000000  00000-0  00000-0 0  9993
2 80011  53.0000   0.0000 0001000   0.0000 240.0000 15.05490646     7
80012
1 80012U 26001A   26187.00000000  .00000000  00000-0  00000-0 0  9994
2 80012  53.0000   0.0000 0001000   0.0000 264.0000 15.05490646     4
80013
1 80013U 26001A   26187.00000000  .00000000  00000-0  00000-0 0  9995
2 80013  53.0000   0.0000 0001000   0.0000 288.0000 15.05490646     1
80014
1 80014U 26001A   26187.00000000  .00000000  00000-0  00000-0 0  9996
2 80014  53.0000   0.0000 0001000   0.0000 312.0000 15.05490646     0
80015
1 80015U 26001A   26187.00000000  .00000000  00000-0  00000-0 0  9997
2 80015  53.0000   0.0000 0001000   0.0000 336.0000 15.05490646     7
80016
1 80016U 26001A   26187.00000000  .00000000  00000-0  00000-0 0  9998
2 80016  53.0000  18.0000 0001000   0.0000   1.2000 15.05490646     8
80017
1 80017U 26001A   26187.00000000  .00000000  00000-0  00000-0 0  9999
2 80017  53.0000  18.0000 0001000   0.0000  25.2000 15.05490646     5
80018
1 80018U 26001A   26187.00000000  .00000000  00000-0  00000-0 0  9990
2 80018  53.0000  18.0000 0001000   0.0000  49.2000 15.05490646     2
80019
1 80019U 26001A   26187.00000000  .00000000  00000-0  00000-0 0  9991
2 80019  53.0000  18.0000 0001000   0.0000  73.2000 15.05490646     0
80020
1 80020U 26001A   26187.00000000  .00000000  00000-0  00000-0 0  9993
2 80020  53.0000  18.0000 0001000   0.0000  97.2000 15.05490646     8
80021
1 80021U 26001A   26187.00000000  .00000000  00000-0  00000-0 0  9994
2 80021  53.0000  18.0000 0001000   0.0000 121.2000 15.05490646     7
80022
1 80022U 26001A   26187.00000000  .00000000  00000-0  00000-0 0  9995
2 80022  53.0000  18.0000 0001000   0.0000 145.2000 15.05490646     4
80023
1 80023U 26001A   26187.00000000  .00000000  00000-0  00000-0 0  9996
2 80023  53.0000  18.0000 0001000   0.0000 169.2000 15.05490646     1
80024
1 80024U 26001A   26187.00000000  .00000000  00000-0  00000-0 0  9997
2 80024  53.0000  18.0000 0001000   0.0000 193.2000 15.05490646     9
80025
1 80025U 26001A   26187.00000000  .00000000  00000-0  00000-0 0  9998
2 80025  53.0000  18.0000 0001000   0.0000 217.2000 15.05490646     7
80026
1 80026U 26001A   26187.00000000  .00000000  00000-0  00000-0 0  9999
2 80026  53.0000  18.0000 0001000   0.0000 241.2000 15.05490646     5
80027
1 80027U 26001A   26187.00000000  .00000000  00000-0  00000-0 0  9990
2 80027  53.0000  18.0000 0001000   0.0000 265.2000 15.05490646     2
80028
1 80028U 26001A   26187.00000000  .00000000  00000-0  00000-0 0  9991
2 80028  53.0000  18.0000 0001000   0.0000 289.2000 15.05490646     9
80029
1 80029U 26001A   26187.00000000  .00000000  00000-0  00000-0 0  9992
2 80029  53.0000  18.0000 0001000   0.0000 313.2000 15.05490646     8
80030
1 80030U 26001A   26187.00000000  .00000000  00000-0  00000-0 0  9994
2 80030  53.0000  18.0000 0001000   0.0000 337.2000 15.05490646     6
80031
1 80031U 26001A   26187.00000000  .00000000  00000-0  00000-0 0  9995
2 80031  53.0000  36.0000 0001000   0.0000   2.4000 15.05490646     8
80032
1 80032U 26001A   26187.00000000  .00000000  00000-0  00000-0 0  9996
2 80032  53.0000  36.0000 0001000   0.0000  26.4000 15.05490646     5
80033
1 80033U 26001A   26187.00000000  .00000000  00000-0  00000-0 0  9997
2 80033  53.0000  36.0000 0001000   0.0000  50.4000 15.05490646     3
80034
1 80034U 26001A   26187.00000000  .00000000  00000-0  00000-0 0  9998
2 80034  53.0000  36.0000 0001000   0.0000  74.4000 15.05490646     0
80035
1 80035U 26001A   26187.00000000  .00000000  00000-0  00000-0 0  9999
2 80035  53.0000  36.0000 0001000   0.0000  98.4000 15.05490646     7
80036
1 80036U 26001A   26187.00000000  .00000000  00000-0  00000-0 0  9990
2 80036  53.0000  36.0000 0001000   0.0000 122.4000 15.05490646     6
80037
1 80037U 26001A   26187.00000000  .00000000  00000-0  00000-0 0  9991
2 80037  53.0000  36.0000 0001000   0.0000 146.4000 15.05490646     3
80038
1 80038U 26001A   26187.00000000  .00000000  00000-0  00000-0 0  9992
2 80038  53.0000  36.0000 0001000   0.0000 170.4000 15.05490646     1
80039
1 80039U 26001A   26187.00000000  .00000000  00000-0  00000-0 0  9993
2 80039  53.0000  36.0000 0001000   0.0000 194.4000 15.05490646     8
80040
1 80040U 26001A   26187.00000000  .00000000  00000-0  00000-0 0  9995
2 80040  53.0000  36.0000 0001000   0.0000 218.4000 15.05490646     7
80041
1 80041U 26001A   26187.00000000  .00000000  00000-0  00000-0 0  9996
2 80041  53.0000  36.0000 0001000   0.0000 242.4000 15.05490646     5
80042
1 80042U 26001A   26187.00000000  .00000000  00000-0  00000-0 0  9997
2 80042  53.0000  36.0000 0001000   0.0000 266.4000 15.05490646     2
80043
1 80043U 26001A   26187.00000000  .00000000  00000-0  00000-0 0  9998
2 80043  53.0000  36.0000 0001000   0.0000 290.4000 15.05490646     0
80044
1 80044U 26001A   26187.00000000  .00000000  00000-0  00000-0 0  9999
2 80044  53.0000  36.0000 0001000   0.0000 314.4000 15.05490646     8
80045
1 80045U 26001A   26187.00000000  .00000000  00000-0  00000-0 0  9990
2 80045  53.0000  36.0000 0001000   0.0000 338.4000 15.05490646     5
80046
1 80046U 26001A   26187.00000000  .00000000  00000-0  00000-0 0  9991
2 80046  53.0000  54.0000 0001000   0.0000   3.6000 15.05490646     7
80047
1 80047U 26001A   26187.00000000  .00000000  00000-0  00000-0 0  9992
2 80047  53.0000  54.0000 0001000   0.0000  27.6000 15.05490646     4
80048
1 80048U 26001A   26187.00000000  .00000000  00000-0  00000-0 0  9993
2 80048  53.0000  54.0000 0001000   0.0000  51.6000 15.05490646     2
80049
1 80049U 26001A   26187.00000000  .00000000  00000-0  00000-0 0  9994
2 80049  53.0000  54.0000 0001000   0.0000  75.6000 15.05490646     9
80050
1 80050U 26001A   26187.00000000  .00000000  00000-0  00000-0 0  9996
2 80050  53.0000  54.0000 0001000   0.0000  99.6000 15.05490646     7
80051
1 80051U 26001A   26187.00000000  .00000000  00000-0  00000-0 0  9997
2 80051  53.0000  54.0000 0001000   0.0000 123.6000 15.05490646     6
80052
1 80052U 26001A   26187.00000000  .00000000  00000-0  00000-0 0  9998
2 80052  53.0000  54.0000 0001000   0.0000 147.6000 15.05490646     3
80053
1 80053U 26001A   26187.00000000  .00000000  00000-0  00000-0 0  9999
2 80053  53.0000  54.0000 0001000   0.0000 171.6000 15.05490646     1
80054
1 80054U 26001A   26187.00000000  .00000000  00000-0  00000-0 0  9990
2 80054  53.0000  54.0000 0001000   0.0000 195.6000 15.05490646     8
80055
1 80055U 26001A   26187.00000000  .00000000  00000-0  00000-0 0  9991
2 80055  53.0000  54.0000 0001000   0.0000 219.6000 15.05490646     6
80056
1 80056U 26001A   26187.00000000  .00000000  00000-0  00000-0 0  9992
2 80056  53.0000  54.0000 0001000   0.0000 243.6000 15.05490646     4
80057
1 80057U 26001A   26187.00000000  .00000000  00000-0  00000-0 0  9993
2 80057  53.0000  54.0000 0001000   0.0000 267.6000 15.05490646     1
80058
1 80058U 26001A   26187.00000000  .00000000  00000-0  00000-0 0  9994
2 80058  53.0000  54.0000 0001000   0.0000 291.6000 15.05490646     9
80059
1 80059U 26001A   26187.00000000  .00000000  00000-0  00000-0 0  9995
2 80059  53.0000  54.0000 0001000   0.0000 315.6000 15.05490646     7
80060
1 80060U 26001A   26187.00000000  .00000000  00000-0  00000-0 0  9997
2 80060  53.0000  54.0000 0001000   0.0000 339.6000 15.05490646     5
80061
1 80061U 26001A   26187.00000000  .00000000  00000-0  00000-0 0  9998
2 80061  53.0000  72.0000 0001000   0.0000   4.8000 15.05490646     7
80062
1 80062U 26001A   26187.00000000  .00000000  00000-0  00000-0 0  9999
2 80062  53.0000  72.0000 0001000   0.0000  28.8000 15.05490646     4
80063
1 80063U 26001A   26187.00000000  .00000000  00000-0  00000-0 0  9990
2 80063  53.0000  72.0000 0001000   0.0000  52.8000 15.05490646     2
80064
1 80064U 26001A   26187.00000000  .00000000  00000-0  00000-0 0  9991
2 80064  53.0000  72.0000 0001000   0.0000  76.8000 15.05490646     9
80065
1 80065U 26001A   26187.00000000  .00000000  00000-0  00000-0 0  9992
2 80065  53.0000  72.0000 0001000   0.0000 100.8000 15.05490646     8
80066
1 80066U 26001A   26187.00000000  .00000000  00000-0  00000-0 0  9993
2 80066  53.0000  72.0000 0001000   0.0000 124.8000 15.05490646     5
80067
1 80067U 26001A   26187.00000000  .00000000  00000-0  00000-0 0  9994
2 80067  53.0000  72.0000 0001000   0.0000 148.8000 15.05490646     2
80068
1 80068U 26001A   26187.00000000  .00000000  00000-0  00000-0 0  9995
2 80068  53.0000  72.0000 0001000   0.0000 172.8000 15.05490646     0
80069
1 80069U 26001A   26187.00000000  .00000000  00000-0  00000-0 0  9996
2 80069  53.0000  72.0000 0001000   0.0000 196.8000 15.05490646     7
80070
1 80070U 26001A   26187.00000000  .00000000  00000-0  00000-0 0  9998
2 80070  53.0000  72.0000 0001000   0.0000 220.8000 15.05490646     7
80071
1 80071U 26001A   26187.00000000  .00000000  00000-0  00000-0 0  9999
2 80071  53.0000  72.0000 0001000   0.0000 244.8000 15.05490646     4
80072
1 80072U 26001A   26187.00000000  .00000000  00000-0  00000-0 0  9990
2 80072  53.0000  72.0000 0001000   0.0000 268.8000 15.05490646     1
80073
1 80073U 26001A   26187.00000000  .00000000  00000-0  00000-0 0  9991
2 80073  53.0000  72.0000 0001000   0.0000 292.8000 15.05490646     9
80074
1 80074U 26001A   26187.00000000  .00000000  00000-0  00000-0 0  9992
2 80074  53.0000  72.0000 0001000   0.0000 316.8000 15.05490646     7
80075
1 80075U 26001A   26187.00000000  .00000000  00000-0  00000-0 0  9993
2 80075  53.0000  72.0000 0001000   0.0000 340.8000 15.05490646     5
80076
1 80076U 26001A   26187.00000000  .00000000  00000-0  00000-0 0  9994
2 80076  53.0000  90.0000 0001000   0.0000   6.0000 15.05490646     7
80077
1 80077U 26001A   26187.00000000  .00000000  00000-0  00000-0 0  9995
2 80077  53.0000  90.0000 0001000   0.0000  30.0000 15.05490646     5
80078
1 80078U 26001A   26187.00000000  .00000000  00000-0  00000-0 0  9996
2 80078  53.0000  90.0000 0001000   0.0000  54.0000 15.05490646     2
80079
1 80079U 26001A   26187.00000000  .00000000  00000-0  00000-0 0  9997
2 80079  53.0000  90.0000 0001000   0.0000  78.0000 15.05490646     9
80080
1 80080U 26001A   26187.00000000  .00000000  00000-0  00000-0 0  9999
2 80080  53.0000  90.0000 0001000   0.0000 102.0000 15.05490646     9
80081
1 80081U 26001A   26187.00000000  .00000000  00000-0  00000-0 0  9990
2 80081  53.0000  90.0000 0001000   0.0000 126.0000 15.05490646     6
80082
1 80082U 26001A   26187.00000000  .00000000  00000-0  00000-0 0  9991
2 80082  53.0000  90.0000 0001000   0.0000 150.0000 15.05490646     4
80083
1 80083U 26001A   26187.00000000  .00000000  00000-0  00000-0 0  9992
2 80083  53.0000  90.0000 0001000   0.0000 174.0000 15.05490646     1
80084
1 80084U 26001A   26187.00000000  .00000000  00000-0  00000-0 0  9993
2 80084  53.0000  90.0000 0001000   0.0000 198.0000 15.05490646     8
80085
1 80085U 26001A   26187.00000000  .00000000  00000-0  00000-0 0  9994
2 80085  53.0000  90.0000 0001000   0.0000 222.0000 15.05490646     7
80086
1 80086U 26001A   26187.00000000  .00000000  00000-0  00000-0 0  9995
2 80086  53.0000  90.0000 0001000   0.0000 246.0000 15.05490646     4
80087
1 80087U 26001A   26187.00000000  .00000000  00000-0  00000-0 0  9996
2 80087  53.0000  90.0000 0001000   0.0000 270.0000 15.05490646     2
80088
1 80088U 26001A   26187.00000000  .00000000  00000-0  00000-0 0  9997
2 80088  53.0000  90.0000 0001000   0.0000 294.0000 15.05490646     9
80089
1 80089U 26001A   26187.00000000  .00000000  00000-0  00000-0 0  9998
2 80089  53.0000  90.0000 0001000   0.0000 318.0000 15.05490646     7
80090
1 80090U 26001A   26187.00000000  .00000000  00000-0  00000-0 0  9990
2 80090  53.0000  90.0000 0001000   0.0000 342.0000 15.05490646     6
80091
1 80091U 26001A   26187.00000000  .00000000  00000-0  00000-0 0  9991
2 80091  53.0000 108.0000 0001000   0.0000   7.2000 15.05490646     7
80092
1 80092U 26001A   26187.00000000  .00000000  00000-0  00000-0 0  9992
2 80092  53.0000 108.0000 0001000   0.0000  31.2000 15.05490646     5
80093
1 80093U 26001A   26187.00000000  .00000000  00000-0  00000-0 0  9993
2 80093  53.0000 108.0000 0001000   0.0000  55.2000 15.05490646     2
80094
1 80094U 26001A   26187.00000000  .00000000  00000-0  00000-0 0  9994
2 80094  53.0000 108.0000 0001000   0.0000  79.2000 15.05490646     9
80095
1 80095U 26001A   26187.00000000  .00000000  00000-0  00000-0 0  9995
2 80095  53.0000 108.0000 0001000   0.0000 103.2000 15.05490646     8
80096
1 80096U 26001A   26187.00000000  .00000000  00000-0  00000-0 0  9996
2 80096  53.0000 108.0000 0001000   0.0000 127.2000 15.05490646     5
80097
1 80097U 26001A   26187.00000000  .00000000  00000-0  00000-0 0  9997
2 80097  53.0000 108.0000 0001000   0.0000 151.2000 15.05490646     3
80098
1 80098U 26001A   26187.00000000  .00000000  00000-0  00000-0 0  9998
2 80098  53.0000 108.0000 0001000   0.0000 175.2000 15.05490646     0
80099
1 80099U 26001A   26187.00000000  .00000000  00000-0  00000-0 0  9999
2 80099  53.0000 108.0000 0001000   0.0000 199.2000 15.05490646     7
80100
1 80100U 26001A   26187.00000000  .00000000  00000-0  00000-0 0  9992
2 80100  53.0000 108.0000 0001000   0.0000 223.2000 15.05490646     8
80101
1 80101U 26001A   26187.00000000  .00000000  00000-0  00000-0 0  9993
2 80101  53.0000 108.0000 0001000   0.0000 247.2000 15.05490646     5
80102
1 80102U 26001A   26187.00000000  .00000000  00000-0  00000-0 0  9994
2 80102  53.0000 108.0000 0001000   0.0000 271.2000 15.05490646     3
80103
1 80103U 26001A   26187.00000000  .00000000  00000-0  00000-0 0  9995
2 80103  53.0000 108.0000 0001000   0.0000 295.2000 15.05490646     0
80104
1 80104U 26001A   26187.00000000  .00000000  00000-0  00000-0 0  9996
2 80104  53.0000 108.0000 0001000   0.0000 319.2000 15.05490646     8
80105
1 80105U 26001A   26187.00000000  .00000000  00000-0  00000-0 0  9997
2 80105  53.0000 108.0000 0001000   0.0000 343.2000 15.05490646     6
80106
1 80106U 26001A   26187.00000000  .00000000  00000-0  00000-0 0  9998
2 80106  53.0000 126.0000 0001000   0.0000   8.4000 15.05490646     7
80107
1 80107U 26001A   26187.00000000  .00000000  00000-0  00000-0 0  9999
2 80107  53.0000 126.0000 0001000   0.0000  32.4000 15.05490646     5
80108
1 80108U 26001A   26187.00000000  .00000000  00000-0  00000-0 0  9990
2 80108  53.0000 126.0000 0001000   0.0000  56.4000 15.05490646     2
80109
1 80109U 26001A   26187.00000000  .00000000  00000-0  00000-0 0  9991
2 80109  53.0000 126.0000 0001000   0.0000  80.4000 15.05490646     0
80110
1 80110U 26001A   26187.00000000  .00000000  00000-0  00000-0 0  9993
2 80110  53.0000 126.0000 0001000   0.0000 104.4000 15.05490646     9
80111
1 80111U 26001A   26187.00000000  .00000000  00000-0  00000-0 0  9994
2 80111  53.0000 126.0000 0001000   0.0000 128.4000 15.05490646     6
80112
1 80112U 26001A   26187.00000000  .00000000  00000-0  00000-0 0  9995
2 80112  53.0000 126.0000 0001000   0.0000 152.4000 15.05490646     4
80113
1 80113U 26001A   26187.00000000  .00000000  00000-0  00000-0 0  9996
2 80113  53.0000 126.0000 0001000   0.0000 176.4000 15.05490646     1
80114
1 80114U 26001A   26187.00000000  .00000000  00000-0  00000-0 0  9997
2 80114  53.0000 126.0000 0001000   0.0000 200.4000 15.05490646     0
80115
1 80115U 26001A   26187.00000000  .00000000  00000-0  00000-0 0  9998
2 80115  53.0000 126.0000 0001000   0.0000 224.4000 15.05490646     7
80116
1 80116U 26001A   26187.00000000  .00000000  00000-0  00000-0 0  9999
2 80116  53.0000 126.0000 0001000   0.0000 248.4000 15.05490646     4
80117
1 80117U 26001A   26187.00000000  .00000000  00000-0  00000-0 0  9990
2 80117  53.0000 126.0000 0001000   0.0000 272.4000 15.05490646     2
80118
1 80118U 26001A   26187.00000000  .00000000  00000-0  00000-0 0  9991
2 80118  53.0000 126.0000 0001000   0.0000 296.4000 15.05490646     9
80119
1 80119U 26001A   26187.00000000  .00000000  00000-0  00000-0 0  9992
2 80119  53.0000 126.0000 0001000   0.0000 320.4000 15.05490646     8
80120
1 80120U 26001A   26187.00000000  .00000000  00000-0  00000-0 0  9994
2 80120  53.0000 126.0000 0001000   0.0000 344.4000 15.05490646     6
80121
1 80121U 26001A   26187.00000000  .00000000  00000-0  00000-0 0  9995
2 80121  53.0000 144.0000 0001000   0.0000   9.6000 15.05490646     7
80122
1 80122U 26001A   26187.00000000  .00000000  00000-0  00000-0 0  9996
2 80122  53.0000 144.0000 0001000   0.0000  33.6000 15.05490646     5
80123
1 80123U 26001A   26187.00000000  .00000000  00000-0  00000-0 0  9997
2 80123  53.0000 144.0000 0001000   0.0000  57.6000 15.05490646     2
80124
1 80124U 26001A   26187.00000000  .00000000  00000-0  00000-0 0  9998
2 80124  53.0000 144.0000 0001000   0.0000  81.6000 15.05490646     0
80125
1 80125U 26001A   26187.00000000  .00000000  00000-0  00000-0 0  9999
2 80125  53.0000 144.0000 0001000   0.0000 105.6000 15.05490646     8
80126
1 80126U 26001A   26187.00000000  .00000000  00000-0  00000-0 0  9990
2 80126  53.0000 144.0000 0001000   0.0000 129.6000 15.05490646     5
80127
1 80127U 26001A   26187.00000000  .00000000  00000-0  00000-0 0  9991
2 80127  53.0000 144.0000 0001000   0.0000 153.6000 15.05490646     3
80128
1 80128U 26001A   26187.00000000  .00000000  00000-0  00000-0 0  9992
2 80128  53.0000 144.0000 0001000   0.0000 177.6000 15.05490646     0
80129
1 80129U 26001A   26187.00000000  .00000000  00000-0  00000-0 0  9993
2 80129  53.0000 144.0000 0001000   0.0000 201.6000 15.05490646     9
80130
1 80130U 26001A   26187.00000000  .00000000  00000-0  00000-0 0  9995
2 80130  53.0000 144.0000 0001000   0.0000 225.6000 15.05490646     7
80131
1 80131U 26001A   26187.00000000  .00000000  00000-0  00000-0 0  9996
2 80131  53.0000 144.0000 0001000   0.0000 249.6000 15.05490646     4
80132
1 80132U 26001A   26187.00000000  .00000000  00000-0  00000-0 0  9997
2 80132  53.0000 144.0000 0001000   0.0000 273.6000 15.05490646     2
80133
1 80133U 26001A   26187.00000000  .00000000  00000-0  00000-0 0  9998
2 80133  53.0000 144.0000 0001000   0.0000 297.6000 15.05490646     9
80134
1 80134U 26001A   26187.00000000  .00000000  00000-0  00000-0 0  9999
2 80134  53.0000 144.0000 0001000   0.0000 321.6000 15.05490646     8
80135
1 80135U 26001A   26187.00000000  .00000000  00000-0  00000-0 0  9990
2 80135  53.0000 144.0000 0001000   0.0000 345.6000 15.05490646     5
80136
1 80136U 26001A   26187.00000000  .00000000  00000-0  00000-0 0  9991
2 80136  53.0000 162.0000 0001000   0.0000  10.8000 15.05490646     7
80137
1 80137U 26001A   26187.00000000  .00000000  00000-0  00000-0 0  9992
2 80137  53.0000 162.0000 0001000   0.0000  34.8000 15.05490646     4
80138
1 80138U 26001A   26187.00000000  .00000000  00000-0  00000-0 0  9993
2 80138  53.0000 162.0000 0001000   0.0000  58.8000 15.05490646     1
80139
1 80139U 26001A   26187.00000000  .00000000  00000-0  00000-0 0  9994
2 80139  53.0000 162.0000 0001000   0.0000  82.8000 15.05490646     9
80140
1 80140U 26001A   26187.00000000  .00000000  00000-0  00000-0 0  9996
2 80140  53.0000 162.0000 0001000   0.0000 106.8000 15.05490646     8
80141
1 80141U 26001A   26187.00000000  .00000000  00000-0  00000-0 0  9997
2 80141  53.0000 162.0000 0001000   0.0000 130.8000 15.05490646     6
80142
1 80142U 26001A   26187.00000000  .00000000  00000-0  00000-0 0  9998
2 80142  53.0000 162.0000 0001000   0.0000 154.8000 15.05490646     3
80143
1 80143U 26001A   26187.00000000  .00000000  00000-0  00000-0 0  9999
2 80143  53.0000 162.0000 0001000   0.0000 178.8000 15.05490646     0
80144
1 80144U 26001A   26187.00000000  .00000000  00000-0  00000-0 0  9990
2 80144  53.0000 162.0000 0001000   0.0000 202.8000 15.05490646     9
80145
1 80145U 26001A   26187.00000000  .00000000  00000-0  00000-0 0  9991
2 80145  53.0000 162.0000 0001000   0.0000 226.8000 15.05490646     6
80146
1 80146U 26001A   26187.00000000  .00000000  00000-0  00000-0 0  9992
2 80146  53.0000 162.0000 0001000   0.0000 250.8000 15.05490646     4
80147
1 80147U 26001A   26187.00000000  .00000000  00000-0  00000-0 0  9993
2 80147  53.0000 162.0000 0001000   0.0000 274.8000 15.05490646     1
80148
1 80148U 26001A   26187.00000000  .00000000  00000-0  00000-0 0  9994
2 80148  53.0000 162.0000 0001000   0.0000 298.8000 15.05490646     8
80149
1 80149U 26001A   26187.00000000  .00000000  00000-0  00000-0 0  9995
2 80149  53.0000 162.0000 0001000   0.0000 322.8000 15.05490646     7
80150
1 80150U 26001A   26187.00000000  .00000000  00000-0  00000-0 0  9997
2 80150  53.0000 162.0000 0001000   0.0000 346.8000 15.05490646     5
80151
1 80151U 26001A   26187.00000000  .00000000  00000-0  00000-0 0  9998
2 80151  53.0000 180.0000 0001000   0.0000  12.0000 15.05490646     8
80152
1 80152U 26001A   26187.00000000  .00000000  00000-0  00000-0 0  9999
2 80152  53.0000 180.0000 0001000   0.0000  36.0000 15.05490646     5
80153
1 80153U 26001A   26187.00000000  .00000000  00000-0  00000-0 0  9990
2 80153  53.0000 180.0000 0001000   0.0000  60.0000 15.05490646     3
80154
1 80154U 26001A   26187.00000000  .00000000  00000-0  00000-0 0  9991
2 80154  53.0000 180.0000 0001000   0.0000  84.0000 15.05490646     0
80155
1 80155U 26001A   26187.00000000  .00000000  00000-0  00000-0 0  9992
2 80155  53.0000 180.0000 0001000   0.0000 108.0000 15.05490646     8
80156
1 80156U 26001A   26187.00000000  .00000000  00000-0  00000-0 0  9993
2 80156  53.0000 180.0000 0001000   0.0000 132.0000 15.05490646     6
80157
1 80157U 26001A   26187.00000000  .00000000  00000-0  00000-0 0  9994
2 80157  53.0000 180.0000 0001000   0.0000 156.0000 15.05490646     3
80158
1 80158U 26001A   26187.00000000  .00000000  00000-0  00000-0 0  9995
2 80158  53.0000 180.0000 0001000   0.0000 180.0000 15.05490646     1
80159
1 80159U 26001A   26187.00000000  .00000000  00000-0  00000-0 0  9996
2 80159  53.0000 180.0000 0001000   0.0000 204.0000 15.05490646     9
80160
1 80160U 26001A   26187.00000000  .00000000  00000-0  00000-0 0  9998
2 80160  53.0000 180.0000 0001000   0.0000 228.0000 15.05490646     7
80161
1 80161U 26001A   26187.00000000  .00000000  00000-0  00000-0 0  9999
2 80161  53.0000 180.0000 0001000   0.0000 252.0000 15.05490646     5
80162
1 80162U 26001A   26187.00000000  .00000000  00000-0  00000-0 0  9990
2 80162  53.0000 180.0000 0001000   0.0000 276.0000 15.05490646     2
80163
1 80163U 26001A   26187.00000000  .00000000  00000-0  00000-0 0  9991
2 80163  53.0000 180.0000 0001000   0.0000 300.0000 15.05490646     1
80164
1 80164U 26001A   26187.00000000  .00000000  00000-0  00000-0 0  9992
2 80164  53.0000 180.0000 0001000   0.0000 324.0000 15.05490646     8
80165
1 80165U 26001A   26187.00000000  .00000000  00000-0  00000-0 0  9993
2 80165  53.0000 180.0000 0001000   0.0000 348.0000 15.05490646     5
80166
1 80166U 26001A   26187.00000000  .00000000  00000-0  00000-0 0  9994
2 80166  53.0000 198.0000 0001000   0.0000  13.2000 15.05490646     6
80167
1 80167U 26001A   26187.00000000  .00000000  00000-0  00000-0 0  9995
2 80167  53.0000 198.0000 0001000   0.0000  37.2000 15.05490646     3
80168
1 80168U 26001A   26187.00000000  .00000000  00000-0  00000-0 0  9996
2 80168  53.0000 198.0000 0001000   0.0000  61.2000 15.05490646     1
80169
1 80169U 26001A   26187.00000000  .00000000  00000-0  00000-0 0  9997
2 80169  53.0000 198.0000 0001000   0.0000  85.2000 15.05490646     8
80170
1 80170U 26001A   26187.00000000  .00000000  00000-0  00000-0 0  9999
2 80170  53.0000 198.0000 0001000   0.0000 109.2000 15.05490646     7
80171
1 80171U 26001A   26187.00000000  .00000000  00000-0  00000-0 0  9990
2 80171  53.0000 198.0000 0001000   0.0000 133.2000 15.05490646     5
80172
1 80172U 26001A   26187.00000000  .00000000  00000-0  00000-0 0  9991
2 80172  53.0000 198.0000 0001000   0.0000 157.2000 15.05490646     2
80173
1 80173U 26001A   26187.00000000  .00000000  00000-0  00000-0 0  9992
2 80173  53.0000 198.0000 0001000   0.0000 181.2000 15.05490646     0
80174
1 80174U 26001A   26187.00000000  .00000000  00000-0  00000-0 0  9993
2 80174  53.0000 198.0000 0001000   0.0000 205.2000 15.05490646     8
80175
1 80175U 26001A   26187.00000000  .00000000  00000-0  00000-0 0  9994
2 80175  53.0000 198.0000 0001000   0.0000 229.2000 15.05490646     5
80176
1 80176U 26001A   26187.00000000  .00000000  00000-0  00000-0 0  9995
2 80176  53.0000 198.0000 0001000   0.0000 253.2000 15.05490646     3
80177
1 80177U 26001A   26187.00000000  .00000000  00000-0  00000-0 0  9996
2 80177  53.0000 198.0000 0001000   0.0000 277.2000 15.05490646     0
80178
1 80178U 26001A   26187.00000000  .00000000  00000-0  00000-0 0  9997
2 80178  53.0000 198.0000 0001000   0.0000 301.2000 15.05490646     9
80179
1 80179U 26001A   26187.00000000  .00000000  00000-0  00000-0 0  9998
2 80179  53.0000 198.0000 0001000   0.0000 325.2000 15.05490646     6
80180
1 80180U 26001A   26187.00000000  .00000000  00000-0  00000-0 0  9990
2 80180  53.0000 198.0000 0001000   0.0000 349.2000 15.05490646     4
80181
1 80181U 26001A   26187.00000000  .00000000  00000-0  00000-0 0  9991
2 80181  53.0000 216.0000 0001000   0.0000  14.4000 15.05490646     7
80182
1 80182U 26001A   26187.00000000  .00000000  00000-0  00000-0 0  9992
2 80182  53.0000 216.0000 0001000   0.0000  38.4000 15.05490646     4
80183
1 80183U 26001A   26187.00000000  .00000000  00000-0  00000-0 0  9993
2 80183  53.0000 216.0000 0001000   0.0000  62.4000 15.05490646     2
80184
1 80184U 26001A   26187.00000000  .00000000  00000-0  00000-0 0  9994
2 80184  53.0000 216.0000 0001000   0.0000  86.4000 15.05490646     9
80185
1 80185U 26001A   26187.00000000  .00000000  00000-0  00000-0 0  9995
2 80185  53.0000 216.0000 0001000   0.0000 110.4000 15.05490646     8
80186
1 80186U 26001A   26187.00000000  .00000000  00000-0  00000-0 0  9996
2 80186  53.0000 216.0000 0001000   0.0000 134.4000 15.05490646     5
80187
1 80187U 26001A   26187.00000000  .00000000  00000-0  00000-0 0  9997
2 80187  53.0000 216.0000 0001000   0.0000 158.4000 15.05490646     2
80188
1 80188U 26001A   26187.00000000  .00000000  00000-0  00000-0 0  9998
2 80188  53.0000 216.0000 0001000   0.0000 182.4000 15.05490646     0
80189
1 80189U 26001A   26187.00000000  .00000000  00000-0  00000-0 0  9999
2 80189  53.0000 216.0000 0001000   0.0000 206.4000 15.05490646     8
80190
1 80190U 26001A   26187.00000000  .00000000  00000-0  00000-0 0  9991
2 80190  53.0000 216.0000 0001000   0.0000 230.4000 15.05490646     7
80191
1 80191U 26001A   26187.00000000  .00000000  00000-0  00000-0 0  9992
2 80191  53.0000 216.0000 0001000   0.0000 254.4000 15.05490646     4
80192
1 80192U 26001A   26187.00000000  .00000000  00000-0  00000-0 0  9993
2 80192  53.0000 216.0000 0001000   0.0000 278.4000 15.05490646     1
80193
1 80193U 26001A   26187.00000000  .00000000  00000-0  00000-0 0  9994
2 80193  53.0000 216.0000 0001000   0.0000 302.4000 15.05490646     0
80194
1 80194U 26001A   26187.00000000  .00000000  00000-0  00000-0 0  9995
2 80194  53.0000 216.0000 0001000   0.0000 326.4000 15.05490646     7
80195
1 80195U 26001A   26187.00000000  .00000000  00000-0  00000-0 0  9996
2 80195  53.0000 216.0000 0001000   0.0000 350.4000 15.05490646     5
80196
1 80196U 26001A   26187.00000000  .00000000  00000-0  00000-0 0  9997
2 80196  53.0000 234.0000 0001000   0.0000  15.6000 15.05490646     6
80197
1 80197U 26001A   26187.00000000  .00000000  00000-0  00000-0 0  9998
2 80197  53.0000 234.0000 0001000   0.0000  39.6000 15.05490646     3
80198
1 80198U 26001A   26187.00000000  .00000000  00000-0  00000-0 0  9999
2 80198  53.0000 234.0000 0001000   0.0000  63.6000 15.05490646     1
80199
1 80199U 26001A   26187.00000000  .00000000  00000-0  00000-0 0  9990
2 80199  53.0000 234.0000 0001000   0.0000  87.6000 15.05490646     8
80200
1 80200U 26001A   26187.00000000  .00000000  00000-0  00000-0 0  9993
2 80200  53.0000 234.0000 0001000   0.0000 111.6000 15.05490646     9
80201
1 80201U 26001A   26187.00000000  .00000000  00000-0  00000-0 0  9994
2 80201  53.0000 234.0000 0001000   0.0000 135.6000 15.05490646     6
80202
1 80202U 26001A   26187.00000000  .00000000  00000-0  00000-0 0  9995
2 80202  53.0000 234.0000 0001000   0.0000 159.6000 15.05490646     3
80203
1 80203U 26001A   26187.00000000  .00000000  00000-0  00000-0 0  9996
2 80203  53.0000 234.0000 0001000   0.0000 183.6000 15.05490646     1
80204
1 80204U 26001A   26187.00000000  .00000000  00000-0  00000-0 0  9997
2 80204  53.0000 234.0000 0001000   0.0000 207.6000 15.05490646     9
80205
1 80205U 26001A   26187.00000000  .00000000  00000-0  00000-0 0  9998
2 80205  53.0000 234.0000 0001000   0.0000 231.6000 15.05490646     7
80206
1 80206U 26001A   26187.00000000  .00000000  00000-0  00000-0 0  9999
2 80206  53.0000 234.0000 0001000   0.0000 255.6000 15.05490646     4
80207
1 80207U 26001A   26187.00000000  .00000000  00000-0  00000-0 0  9990
2 80207  53.0000 234.0000 0001000   0.0000 279.6000 15.05490646     1
80208
1 80208U 26001A   26187.00000000  .00000000  00000-0  00000-0 0  9991
2 80208  53.0000 234.0000 0001000   0.0000 303.6000 15.05490646     0
80209
1 80209U 26001A   26187.00000000  .00000000  00000-0  00000-0 0  9992
2 80209  53.0000 234.0000 0001000   0.0000 327.6000 15.05490646     7
80210
1 80210U 26001A   26187.00000000  .00000000  00000-0  00000-0 0  9994
2 80210  53.0000 234.0000 0001000   0.0000 351.6000 15.05490646     6
80211
1 80211U 26001A   26187.00000000  .00000000  00000-0  00000-0 0  9995
2 80211  53.0000 252.0000 0001000   0.0000  16.8000 15.05490646     7
80212
1 80212U 26001A   26187.00000000  .00000000  00000-0  00000-0 0  9996
2 80212  53.0000 252.0000 0001000   0.0000  40.8000 15.05490646     5
80213
1 80213U 26001A   26187.00000000  .00000000  00000-0  00000-0 0  9997
2 80213  53.0000 252.0000 0001000   0.0000  64.8000 15.05490646     2
80214
1 80214U 26001A   26187.00000000  .00000000  00000-0  00000-0 0  9998
2 80214  53.0000 252.0000 0001000   0.0000  88.8000 15.05490646     9
80215
1 80215U 26001A   26187.00000000  .00000000  00000-0  00000-0 0  9999
2 80215  53.0000 252.0000 0001000   0.0000 112.8000 15.05490646     8
80216
1 80216U 26001A   26187.00000000  .00000000  00000-0  00000-0 0  9990
2 80216  53.0000 252.0000 0001000   0.0000 136.8000 15.05490646     5
80217
1 80217U 26001A   26187.00000000  .00000000  00000-0  00000-0 0  9991
2 80217  53.0000 252.0000 0001000   0.0000 160.8000 15.05490646     3
80218
1 80218U 26001A   26187.00000000  .00000000  00000-0  00000-0 0  9992
2 80218  53.0000 252.0000 0001000   0.0000 184.8000 15.05490646     0
80219
1 80219U 26001A   26187.00000000  .00000000  00000-0  00000-0 0  9993
2 80219  53.0000 252.0000 0001000   0.0000 208.8000 15.05490646     8
80220
1 80220U 26001A   26187.00000000  .00000000  00000-0  00000-0 0  9995
2 80220  53.0000 252.0000 0001000   0.0000 232.8000 15.05490646     7
80221
1 80221U 26001A   26187.00000000  .00000000  00000-0  00000-0 0  9996
2 80221  53.0000 252.0000 0001000   0.0000 256.8000 15.05490646     4
80222
1 80222U 26001A   26187.00000000  .00000000  00000-0  00000-0 0  9997
2 80222  53.0000 252.0000 0001000   0.0000 280.8000 15.05490646     2
80223
1 80223U 26001A   26187.00000000  .00000000  00000-0  00000-0 0  9998
2 80223  53.0000 252.0000 0001000   0.0000 304.8000 15.05490646     0
80224
1 80224U 26001A   26187.00000000  .00000000  00000-0  00000-0 0  9999
2 80224  53.0000 252.0000 0001000   0.0000 328.8000 15.05490646     7
80225
1 80225U 26001A   26187.00000000  .00000000  00000-0  00000-0 0  9990
2 80225  53.0000 252.0000 0001000   0.0000 352.8000 15.05490646     5
80226
1 80226U 26001A   26187.00000000  .00000000  00000-0  00000-0 0  9991
2 80226  53.0000 270.0000 0001000   0.0000  18.0000 15.05490646     7
80227
1 80227U 26001A   26187.00000000  .00000000  00000-0  00000-0 0  9992
2 80227  53.0000 270.0000 0001000   0.0000  42.0000 15.05490646     5
80228
1 80228U 26001A   26187.00000000  .00000000  00000-0  00000-0 0  9993
2 80228  53.0000 270.0000 0001000   0.0000  66.0000 15.05490646     2
80229
1 80229U 26001A   26187.00000000  .00000000  00000-0  00000-0 0  9994
2 80229  53.0000 270.0000 0001000   0.0000  90.0000 15.05490646     0
80230
1 80230U 26001A   26187.00000000  .00000000  00000-0  00000-0 0  9996
2 80230  53.0000 270.0000 0001000   0.0000 114.0000 15.05490646     9
80231
1 80231U 26001A   26187.00000000  .00000000  00000-0  00000-0 0  9997
2 80231  53.0000 270.0000 0001000   0.0000 138.0000 15.05490646     6
80232
1 80232U 26001A   26187.00000000  .00000000  00000-0  00000-0 0  9998
2 80232  53.0000 270.0000 0001000   0.0000 162.0000 15.05490646     4
80233
1 80233U 26001A   26187.00000000  .00000000  00000-0  00000-0 0  9999
2 80233  53.0000 270.0000 0001000   0.0000 186.0000 15.05490646     1
80234
1 80234U 26001A   26187.00000000  .00000000  00000-0  00000-0 0  9990
2 80234  53.0000 270.0000 0001000   0.0000 210.0000 15.05490646     0
80235
1 80235U 26001A   26187.00000000  .00000000  00000-0  00000-0 0  9991
2 80235  53.0000 270.0000 0001000   0.0000 234.0000 15.05490646     7
80236
1 80236U 26001A   26187.00000000  .00000000  00000-0  00000-0 0  9992
2 80236  53.0000 270.0000 0001000   0.0000 258.0000 15.05490646     4
80237
1 80237U 26001A   26187.00000000  .00000000  00000-0  00000-0 0  9993
2 80237  53.0000 270.0000 0001000   0.0000 282.0000 15.05490646     2
80238
1 80238U 26001A   26187.00000000  .00000000  00000-0  00000-0 0  9994
2 80238  53.0000 270.0000 0001000   0.0000 306.0000 15.05490646     0
80239
1 80239U 26001A   26187.00000000  .00000000  00000-0  00000-0 0  9995
2 80239  53.0000 270.0000 0001000   0.0000 330.0000 15.05490646     8
80240
1 80240U 26001A   26187.00000000  .00000000  00000-0  00000-0 0  9997
2 80240  53.0000 270.0000 0001000   0.0000 354.0000 15.05490646     6
80241
1 80241U 26001A   26187.00000000  .00000000  00000-0  00000-0 0  9998
2 80241  53.0000 288.0000 0001000   0.0000  19.2000 15.05490646     6
80242
1 80242U 26001A   26187.00000000  .00000000  00000-0  00000-0 0  9999
2 80242  53.0000 288.0000 0001000   0.0000  43.2000 15.05490646     4
80243
1 80243U 26001A   26187.00000000  .00000000  00000-0  00000-0 0  9990
2 80243  53.0000 288.0000 0001000   0.0000  67.2000 15.05490646     1
80244
1 80244U 26001A   26187.00000000  .00000000  00000-0  00000-0 0  9991
2 80244  53.0000 288.0000 0001000   0.0000  91.2000 15.05490646     9
80245
1 80245U 26001A   26187.00000000  .00000000  00000-0  00000-0 0  9992
2 80245  53.0000 288.0000 0001000   0.0000 115.2000 15.05490646     7
80246
1 80246U 26001A   26187.00000000  .00000000  00000-0  00000-0 0  9993
2 80246  53.0000 288.0000 0001000   0.0000 139.2000 15.05490646     4
80247
1 80247U 26001A   26187.00000000  .00000000  00000-0  00000-0 0  9994
2 80247  53.0000 288.0000 0001000   0.0000 163.2000 15.05490646     2
80248
1 80248U 26001A   26187.00000000  .00000000  00000-0  00000-0 0  9995
2 80248  53.0000 288.0000 0001000   0.0000 187.2000 15.05490646     9
80249
1 80249U 26001A   26187.00000000  .00000000  00000-0  00000-0 0  9996
2 80249  53.0000 288.0000 0001000   0.0000 211.2000 15.05490646     8
80250
1 80250U 26001A   26187.00000000  .00000000  00000-0  00000-0 0  9998
2 80250  53.0000 288.0000 0001000   0.0000 235.2000 15.05490646     6
80251
1 80251U 26001A   26187.00000000  .00000000  00000-0  00000-0 0  9999
2 80251  53.0000 288.0000 0001000   0.0000 259.2000 15.05490646     3
80252
1 80252U 26001A   26187.00000000  .00000000  00000-0  00000-0 0  9990
2 80252  53.0000 288.0000 0001000   0.0000 283.2000 15.05490646     1
80253
1 80253U 26001A   26187.00000000  .00000000  00000-0  00000-0 0  9991
2 80253  53.0000 288.0000 0001000   0.0000 307.2000 15.05490646     9
80254
1 80254U 26001A   26187.00000000  .00000000  00000-0  00000-0 0  9992
2 80254  53.0000 288.0000 0001000   0.0000 331.2000 15.05490646     7
80255
1 80255U 26001A   26187.00000000  .00000000  00000-0  00000-0 0  9993
2 80255  53.0000 288.0000 0001000   0.0000 355.2000 15.05490646     4
80256
1 80256U 26001A   26187.00000000  .00000000  00000-0  00000-0 0  9994
2 80256  53.0000 306.0000 0001000   0.0000  20.4000 15.05490646     7
80257
1 80257U 26001A   26187.00000000  .00000000  00000-0  00000-0 0  9995
2 80257  53.0000 306.0000 0001000   0.0000  44.4000 15.05490646     4
80258
1 80258U 26001A   26187.00000000  .00000000  00000-0  00000-0 0  9996
2 80258  53.0000 306.0000 0001000   0.0000  68.4000 15.05490646     1
80259
1 80259U 26001A   26187.00000000  .00000000  00000-0  00000-0 0  9997
2 80259  53.0000 306.0000 0001000   0.0000  92.4000 15.05490646     9
80260
1 80260U 26001A   26187.00000000  .00000000  00000-0  00000-0 0  9999
2 80260  53.0000 306.0000 0001000   0.0000 116.4000 15.05490646     8
80261
1 80261U 26001A   26187.00000000  .00000000  00000-0  00000-0 0  9990
2 80261  53.0000 306.0000 0001000   0.0000 140.4000 15.05490646     6
80262
1 80262U 26001A   26187.00000000  .00000000  00000-0  00000-0 0  9991
2 80262  53.0000 306.0000 0001000   0.0000 164.4000 15.05490646     3
80263
1 80263U 26001A   26187.00000000  .00000000  00000-0  00000-0 0  9992
2 80263  53.0000 306.0000 0001000   0.0000 188.4000 15.05490646     0
80264
1 80264U 26001A   26187.00000000  .00000000  00000-0  00000-0 0  9993
2 80264  53.0000 306.0000 0001000   0.0000 212.4000 15.05490646     9
80265
1 80265U 26001A   26187.00000000  .00000000  00000-0  00000-0 0  9994
2 80265  53.0000 306.0000 0001000   0.0000 236.4000 15.05490646     6
80266
1 80266U 26001A   26187.00000000  .00000000  00000-0  00000-0 0  9995
2 80266  53.0000 306.0000 0001000   0.0000 260.4000 15.05490646     4
80267
1 80267U 26001A   26187.00000000  .00000000  00000-0  00000-0 0  9996
2 80267  53.0000 306.0000 0001000   0.0000 284.4000 15.05490646     1
80268
1 80268U 26001A   26187.00000000  .00000000  00000-0  00000-0 0  9997
2 80268  53.0000 306.0000 0001000   0.0000 308.4000 15.05490646     9
80269
1 80269U 26001A   26187.00000000  .00000000  00000-0  00000-0 0  9998
2 80269  53.0000 306.0000 0001000   0.0000 332.4000 15.05490646     7
80270
1 80270U 26001A   26187.00000000  .00000000  00000-0  00000-0 0  9990
2 80270  53.0000 306.0000 0001000   0.0000 356.4000 15.05490646     5
80271
1 80271U 26001A   26187.00000000  .00000000  00000-0  00000-0 0  9991
2 80271  53.0000 324.0000 0001000   0.0000  21.6000 15.05490646     7
80272
1 80272U 26001A   26187.00000000  .00000000  00000-0  00000-0 0  9992
2 80272  53.0000 324.0000 0001000   0.0000  45.6000 15.05490646     4
80273
1 80273U 26001A   26187.00000000  .00000000  00000-0  00000-0 0  9993
2 80273  53.0000 324.0000 0001000   0.0000  69.6000 15.05490646     1
80274
1 80274U 26001A   26187.00000000  .00000000  00000-0  00000-0 0  9994
2 80274  53.0000 324.0000 0001000   0.0000  93.6000 15.05490646     9
80275
1 80275U 26001A   26187.00000000  .00000000  00000-0  00000-0 0  9995
2 80275  53.0000 324.0000 0001000   0.0000 117.6000 15.05490646     7
80276
1 80276U 26001A   26187.00000000  .00000000  00000-0  00000-0 0  9996
2 80276  53.0000 324.0000 0001000   0.0000 141.6000 15.05490646     5
80277
1 80277U 26001A   26187.00000000  .00000000  00000-0  00000-0 0  9997
2 80277  53.0000 324.0000 0001000   0.0000 165.6000 15.05490646     2
80278
1 80278U 26001A   26187.00000000  .00000000  00000-0  00000-0 0  9998
2 80278  53.0000 324.0000 0001000   0.0000 189.6000 15.05490646     9
80279
1 80279U 26001A   26187.00000000  .00000000  00000-0  00000-0 0  9999
2 80279  53.0000 324.0000 0001000   0.0000 213.6000 15.05490646     8
80280
1 80280U 26001A   26187.00000000  .00000000  00000-0  00000-0 0  9991
2 80280  53.0000 324.0000 0001000   0.0000 237.6000 15.05490646     6
80281
1 80281U 26001A   26187.00000000  .00000000  00000-0  00000-0 0  9992
2 80281  53.0000 324.0000 0001000   0.0000 261.6000 15.05490646     4
80282
1 80282U 26001A   26187.00000000  .00000000  00000-0  00000-0 0  9993
2 80282  53.0000 324.0000 0001000   0.0000 285.6000 15.05490646     1
80283
1 80283U 26001A   26187.00000000  .00000000  00000-0  00000-0 0  9994
2 80283  53.0000 324.0000 0001000   0.0000 309.6000 15.05490646     9
80284
1 80284U 26001A   26187.00000000  .00000000  00000-0  00000-0 0  9995
2 80284  53.0000 324.0000 0001000   0.0000 333.6000 15.05490646     7
80285
1 80285U 26001A   26187.00000000  .00000000  00000-0  00000-0 0  9996
2 80285  53.0000 324.0000 0001000   0.0000 357.6000 15.05490646     4
80286
1 80286U 26001A   26187.00000000  .00000000  00000-0  00000-0 0  9997
2 80286  53.0000 342.0000 0001000   0.0000  22.8000 15.05490646     6
80287
1 80287U 26001A   26187.00000000  .00000000  00000-0  00000-0 0  9998
2 80287  53.0000 342.0000 0001000   0.0000  46.8000 15.05490646     3
80288
1 80288U 26001A   26187.00000000  .00000000  00000-0  00000-0 0  9999
2 80288  53.0000 342.0000 0001000   0.0000  70.8000 15.05490646     1
80289
1 80289U 26001A   26187.00000000  .00000000  00000-0  00000-0 0  9990
2 80289  53.0000 342.0000 0001000   0.0000  94.8000 15.05490646     8
80290
1 80290U 26001A   26187.00000000  .00000000  00000-0  00000-0 0  9992
2 80290  53.0000 342.0000 0001000   0.0000 118.8000 15.05490646     7
80291
1 80291U 26001A   26187.00000000  .00000000  00000-0  00000-0 0  9993
2 80291  53.0000 342.0000 0001000   0.0000 142.8000 15.05490646     5
80292
1 80292U 26001A   26187.00000000  .00000000  00000-0  00000-0 0  9994
2 80292  53.0000 342.0000 0001000   0.0000 166.8000 15.05490646     2
80293
1 80293U 26001A   26187.00000000  .00000000  00000-0  00000-0 0  9995
2 80293  53.0000 342.0000 0001000   0.0000 190.8000 15.05490646     0
80294
1 80294U 26001A   26187.00000000  .00000000  00000-0  00000-0 0  9996
2 80294  53.0000 342.0000 0001000   0.0000 214.8000 15.05490646     8
80295
1 80295U 26001A   26187.00000000  .00000000  00000-0  00000-0 0  9997
2 80295  53.0000 342.0000 0001000   0.0000 238.8000 15.05490646     5
80296
1 80296U 26001A   26187.00000000  .00000000  00000-0  00000-0 0  9998
2 80296  53.0000 342.0000 0001000   0.0000 262.8000 15.05490646     3
80297
1 80297U 26001A   26187.00000000  .00000000  00000-0  00000-0 0  9999
2 80297  53.0000 342.0000 0001000   0.0000 286.8000 15.05490646     0
80298
1 80298U 26001A   26187.00000000  .00000000  00000-0  00000-0 0  9990
2 80298  53.0000 342.0000 0001000   0.0000 310.8000 15.05490646     9
80299
1 80299U 26001A   26187.00000000  .00000000  00000-0  00000-0 0  9991
2 80299  53.0000 342.0000 0001000   0.0000 334.8000 15.05490646     6
80300
1 80300U 26001A   26187.00000000  .00000000  00000-0  00000-0 0  9994
2 80300  53.0000 342.0000 0001000   0.0000 358.8000 15.05490646     5
80301
1 80301U 26001A   26187.00000000  .00000000  00000-0  00000-0 0  9995
2 80301  97.6000   0.0000 0001000   0.0000   0.0000 15.12033277     8
80302
1 80302U 26001A   26187.00000000  .00000000  00000-0  00000-0 0  9996
2 80302  97.6000   0.0000 0001000   0.0000  30.0000 15.12033277     2
80303
1 80303U 26001A   26187.00000000  .00000000  00000-0  00000-0 0  9997
2 80303  97.6000   0.0000 0001000   0.0000  60.0000 15.12033277     6
80304
1 80304U 26001A   26187.00000000  .00000000  00000-0  00000-0 0  9998
2 80304  97.6000   0.0000 0001000   0.0000  90.0000 15.12033277     0
80305
1 80305U 26001A   26187.00000000  .00000000  00000-0  00000-0 0  9999
2 80305  97.6000   0.0000 0001000   0.0000 120.0000 15.12033277     5
80306
1 80306U 26001A   26187.00000000  .00000000  00000-0  00000-0 0  9990
2 80306  97.6000   0.0000 0001000   0.0000 150.0000 15.12033277     9
80307
1 80307U 26001A   26187.00000000  .00000000  00000-0  00000-0 0  9991
2 80307  97.6000   0.0000 0001000   0.0000 180.0000 15.12033277     3
80308
1 80308U 26001A   26187.00000000  .00000000  00000-0  00000-0 0  9992
2 80308  97.6000   0.0000 0001000   0.0000 210.0000 15.12033277     8
80309
1 80309U 26001A   26187.00000000  .00000000  00000-0  00000-0 0  9993
2 80309  97.6000   0.0000 0001000   0.0000 240.0000 15.12033277     2
80310
1 80310U 26001A   26187.00000000  .00000000  00000-0  00000-0 0  9995
2 80310  97.6000   0.0000 0001000   0.0000 270.0000 15.12033277     7
80311
1 80311U 26001A   26187.00000000  .00000000  00000-0  00000-0 0  9996
2 80311  97.6000   0.0000 0001000   0.0000 300.0000 15.12033277     2
80312
1 80312U 26001A   26187.00000000  .00000000  00000-0  00000-0 0  9997
2 80312  97.6000   0.0000 0001000   0.0000 330.0000 15.12033277     6
80313
1 80313U 26001A   26187.00000000  .00000000  00000-0  00000-0 0  9998
2 80313  97.6000  18.0000 0001000   0.0000   0.0000 15.12033277     0
80314
1 80314U 26001A   26187.00000000  .00000000  00000-0  00000-0 0  9999
2 80314  97.6000  18.0000 0001000   0.0000  30.0000 15.12033277     4
80315
1 80315U 26001A   26187.00000000  .00000000  00000-0  00000-0 0  9990
2 80315  97.6000  18.0000 0001000   0.0000  60.0000 15.12033277     8
80316
1 80316U 26001A   26187.00000000  .00000000  00000-0  00000-0 0  9991
2 80316  97.6000  18.0000 0001000   0.0000  90.0000 15.12033277     2
80317
1 80317U 26001A   26187.00000000  .00000000  00000-0  00000-0 0  9992
2 80317  97.6000  18.0000 0001000   0.0000 120.0000 15.12033277     7
80318
1 80318U 26001A   26187.00000000  .00000000  00000-0  00000-0 0  9993
2 80318  97.6000  18.0000 0001000   0.0000 150.0000 15.12033277     1
80319
1 80319U 26001A   26187.00000000  .00000000  00000-0  00000-0 0  9994
2 80319  97.6000  18.0000 0001000   0.0000 180.0000 15.12033277     5
80320
1 80320U 26001A   26187.00000000  .00000000  00000-0  00000-0 0  9996
2 80320  97.6000  18.0000 0001000   0.0000 210.0000 15.12033277     1
80321
1 80321U 26001A   26187.00000000  .00000000  00000-0  00000-0 0  9997
2 80321  97.6000  18.0000 0001000   0.0000 240.0000 15.12033277     5
80322
1 80322U 26001A   26187.00000000  .00000000  00000-0  00000-0 0  9998
2 80322  97.6000  18.0000 0001000   0.0000 270.0000 15.12033277     9
80323
1 80323U 26001A   26187.00000000  .00000000  00000-0  00000-0 0  9999
2 80323  97.6000  18.0000 0001000   0.0000 300.0000 15.12033277     4
80324
1 80324U 26001A   26187.00000000  .00000000  00000-0  00000-0 0  9990
2 80324  97.6000  18.0000 0001000   0.0000 330.0000 15.12033277     8
80325
1 80325U 26001A   26187.00000000  .00000000  00000-0  00000-0 0  9991
2 80325  97.6000  36.0000 0001000   0.0000   0.0000 15.12033277     3
80326
1 80326U 26001A   26187.00000000  .00000000  00000-0  00000-0 0  9992
2 80326  97.6000  36.0000 0001000   0.0000  30.0000 15.12033277     7
80327
1 80327U 26001A   26187.00000000  .00000000  00000-0  00000-0 0  9993
2 80327  97.6000  36.0000 0001000   0.0000  60.0000 15.12033277     1
80328
1 80328U 26001A   26187.00000000  .00000000  00000-0  00000-0 0  9994
2 80328  97.6000  36.0000 0001000   0.0000  90.0000 15.12033277     5
80329
1 80329U 26001A   26187.00000000  .00000000  00000-0  00000-0 0  9995
2 80329  97.6000  36.0000 0001000   0.0000 120.0000 15.12033277     0
80330
1 80330U 26001A   26187.00000000  .00000000  00000-0  00000-0 0  9997
2 80330  97.6000  36.0000 0001000   0.0000 150.0000 15.12033277     5
80331
1 80331U 26001A   26187.00000000  .00000000  00000-0  00000-0 0  9998
2 80331  97.6000  36.0000 0001000   0.0000 180.0000 15.12033277     9
80332
1 80332U 26001A   26187.00000000  .00000000  00000-0  00000-0 0  9999
2 80332  97.6000  36.0000 0001000   0.0000 210.0000 15.12033277     4
80333
1 80333U 26001A   26187.00000000  .00000000  00000-0  00000-0 0  9990
2 80333  97.6000  36.0000 0001000   0.0000 240.0000 15.12033277     8
80334
1 80334U 26001A   26187.00000000  .00000000  00000-0  00000-0 0  9991
2 80334  97.6000  36.0000 0001000   0.0000 270.0000 15.12033277     2
80335
1 80335U 26001A   26187.00000000  .00000000  00000-0  00000-0 0  9992
2 80335  97.6000  36.0000 0001000   0.0000 300.0000 15.12033277     7
80336
1 80336U 26001A   26187.00000000  .00000000  00000-0  00000-0 0  9993
2 80336  97.6000  36.0000 0001000   0.0000 330.0000 15.12033277     1
80337
1 80337U 26001A   26187.00000000  .00000000  00000-0  00000-0 0  9994
2 80337  97.6000  54.0000 0001000   0.0000   0.0000 15.12033277     6
80338
1 80338U 26001A   26187.00000000  .00000000  00000-0  00000-0 0  9995
2 80338  97.6000  54.0000 0001000   0.0000  30.0000 15.12033277     0
80339
1 80339U 26001A   26187.00000000  .00000000  00000-0  00000-0 0  9996
2 80339  97.6000  54.0000 0001000   0.0000  60.0000 15.12033277     4
80340
1 80340U 26001A   26187.00000000  .00000000  00000-0  00000-0 0  9998
2 80340  97.6000  54.0000 0001000   0.0000  90.0000 15.12033277     9
80341
1 80341U 26001A   26187.00000000  .00000000  00000-0  00000-0 0  9999
2 80341  97.6000  54.0000 0001000   0.0000 120.0000 15.12033277     4
80342
1 80342U 26001A   26187.00000000  .00000000  00000-0  00000-0 0  9990
2 80342  97.6000  54.0000 0001000   0.0000 150.0000 15.12033277     8
80343
1 80343U 26001A   26187.00000000  .00000000  00000-0  00000-0 0  9991
2 80343  97.6000  54.0000 0001000   0.0000 180.0000 15.12033277     2
80344
1 80344U 26001A   26187.00000000  .00000000  00000-0  00000-0 0  9992
2 80344  97.6000  54.0000 0001000   0.0000 210.0000 15.12033277     7
80345
1 80345U 26001A   26187.00000000  .00000000  00000-0  00000-0 0  9993
2 80345  97.6000  54.0000 0001000   0.0000 240.0000 15.12033277     1
80346
1 80346U 26001A   26187.00000000  .00000000  00000-0  00000-0 0  9994
2 80346  97.6000  54.0000 0001000   0.0000 270.0000 15.12033277     5
80347
1 80347U 26001A   26187.00000000  .00000000  00000-0  00000-0 0  9995
2 80347  97.6000  54.0000 0001000   0.0000 300.0000 15.12033277     0
80348
1 80348U 26001A   26187.00000000  .00000000  00000-0  00000-0 0  9996
2 80348  97.6000  54.0000 0001000   0.0000 330.0000 15.12033277     4
80349
1 80349U 26001A   26187.00000000  .00000000  00000-0  00000-0 0  9997
2 80349  97.6000  72.0000 0001000   0.0000   0.0000 15.12033277     9
80350
1 80350U 26001A   26187.00000000  .00000000  00000-0  00000-0 0  9999
2 80350  97.6000  72.0000 0001000   0.0000  30.0000 15.12033277     4
80351
1 80351U 26001A   26187.00000000  .00000000  00000-0  00000-0 0  9990
2 80351  97.6000  72.0000 0001000   0.0000  60.0000 15.12033277     8
80352
1 80352U 26001A   26187.00000000  .00000000  00000-0  00000-0 0  9991
2 80352  97.6000  72.0000 0001000   0.0000  90.0000 15.12033277     2
80353
1 80353U 26001A   26187.00000000  .00000000  00000-0  00000-0 0  9992
2 80353  97.6000  72.0000 0001000   0.0000 120.0000 15.12033277     7
80354
1 80354U 26001A   26187.00000000  .00000000  00000-0  00000-0 0  9993
2 80354  97.6000  72.0000 0001000   0.0000 150.0000 15.12033277     1
80355
1 80355U 26001A   26187.00000000  .00000000  00000-0  00000-0 0  9994
2 80355  97.6000  72.0000 0001000   0.0000 180.0000 15.12033277     5
80356
1 80356U 26001A   26187.00000000  .00000000  00000-0  00000-0 0  9995
2 80356  97.6000  72.0000 0001000   0.0000 210.0000 15.12033277     0
80357
1 80357U 26001A   26187.00000000  .00000000  00000-0  00000-0 0  9996
2 80357  97.6000  72.0000 0001000   0.0000 240.0000 15.12033277     4
80358
1 80358U 26001A   26187.00000000  .00000000  00000-0  00000-0 0  9997
2 80358  97.6000  72.0000 0001000   0.0000 270.0000 15.12033277     8
80359
1 80359U 26001A   26187.00000000  .00000000  00000-0  00000-0 0  9998
2 80359  97.6000  72.0000 0001000   0.0000 300.0000 15.12033277     3
80360
1 80360U 26001A   26187.00000000  .00000000  00000-0  00000-0 0  9990
2 80360  97.6000  72.0000 0001000   0.0000 330.0000 15.12033277     8
80361
1 80361U 26001A   26187.00000000  .00000000  00000-0  00000-0 0  9991
2 80361  97.6000  90.0000 0001000   0.0000   0.0000 15.12033277     3
80362
1 80362U 26001A   26187.00000000  .00000000  00000-0  00000-0 0  9992
2 80362  97.6000  90.0000 0001000   0.0000  30.0000 15.12033277     7
80363
1 80363U 26001A   26187.00000000  .00000000  00000-0  00000-0 0  9993
2 80363  97.6000  90.0000 0001000   0.0000  60.0000 15.12033277     1
80364
1 80364U 26001A   26187.00000000  .00000000  00000-0  00000-0 0  9994
2 80364  97.6000  90.0000 0001000   0.0000  90.0000 15.12033277     5
80365
1 80365U 26001A   26187.00000000  .00000000  00000-0  00000-0 0  9995
2 80365  97.6000  90.0000 0001000   0.0000 120.0000 15.12033277     0
80366
1 80366U 26001A   26187.00000000  .00000000  00000-0  00000-0 0  9996
2 80366  97.6000  90.0000 0001000   0.0000 150.0000 15.12033277     4
80367
1 80367U 26001A   26187.00000000  .00000000  00000-0  00000-0 0  9997
2 80367  97.6000  90.0000 0001000   0.0000 180.0000 15.12033277     8
80368
1 80368U 26001A   26187.00000000  .00000000  00000-0  00000-0 0  9998
2 80368  97.6000  90.0000 0001000   0.0000 210.0000 15.12033277     3
80369
1 80369U 26001A   26187.00000000  .00000000  00000-0  00000-0 0  9999
2 80369  97.6000  90.0000 0001000   0.0000 240.0000 15.12033277     7
80370
1 80370U 26001A   26187.00000000  .00000000  00000-0  00000-0 0  9991
2 80370  97.6000  90.0000 0001000   0.0000 270.0000 15.12033277     2
80371
1 80371U 26001A   26187.00000000  .00000000  00000-0  00000-0 0  9992
2 80371  97.6000  90.0000 0001000   0.0000 300.0000 15.12033277     7
80372
1 80372U 26001A   26187.00000000  .00000000  00000-0  00000-0 0  9993
2 80372  97.6000  90.0000 0001000   0.0000 330.0000 15.12033277     1
80373
1 80373U 26001A   26187.00000000  .00000000  00000-0  00000-0 0  9994
2 80373  97.6000 108.0000 0001000   0.0000   0.0000 15.12033277     6
80374
1 80374U 26001A   26187.00000000  .00000000  00000-0  00000-0 0  9995
2 80374  97.6000 108.0000 0001000   0.0000  30.0000 15.12033277     0
80375
1 80375U 26001A   26187.00000000  .00000000  00000-0  00000-0 0  9996
2 80375  97.6000 108.0000 0001000   0.0000  60.0000 15.12033277     4
80376
1 80376U 26001A   26187.00000000  .00000000  00000-0  00000-0 0  9997
2 80376  97.6000 108.0000 0001000   0.0000  90.0000 15.12033277     8
80377
1 80377U 26001A   26187.00000000  .00000000  00000-0  00000-0 0  9998
2 80377  97.6000 108.0000 0001000   0.0000 120.0000 15.12033277     3
80378
1 80378U 26001A   26187.00000000  .00000000  00000-0  00000-0 0  9999
2 80378  97.6000 108.0000 0001000   0.0000 150.0000 15.12033277     7
80379
1 80379U 26001A   26187.00000000  .00000000  00000-0  00000-0 0  9990
2 80379  97.6000 108.0000 0001000   0.0000 180.0000 15.12033277     1
80380
1 80380U 26001A   26187.00000000  .00000000  00000-0  00000-0 0  9992
2 80380  97.6000 108.0000 0001000   0.0000 210.0000 15.12033277     7
80381
1 80381U 26001A   26187.00000000  .00000000  00000-0  00000-0 0  9993
2 80381  97.6000 108.0000 0001000   0.0000 240.0000 15.12033277     1
80382
1 80382U 26001A   26187.00000000  .00000000  00000-0  00000-0 0  9994
2 80382  97.6000 108.0000 0001000   0.0000 270.0000 15.12033277     5
80383
1 80383U 26001A   26187.00000000  .00000000  00000-0  00000-0 0  9995
2 80383  97.6000 108.0000 0001000   0.0000 300.0000 15.12033277     0
80384
1 80384U 26001A   26187.00000000  .00000000  00000-0  00000-0 0  9996
2 80384  97.6000 108.0000 0001000   0.0000 330.0000 15.12033277     4
80385
1 80385U 26001A   26187.00000000  .00000000  00000-0  00000-0 0  9997
2 80385  97.6000 126.0000 0001000   0.0000   0.0000 15.12033277     9
80386
1 80386U 26001A   26187.00000000  .00000000  00000-0  00000-0 0  9998
2 80386  97.6000 126.0000 0001000   0.0000  30.0000 15.12033277     3
80387
1 80387U 26001A   26187.00000000  .00000000  00000-0  00000-0 0  9999
2 80387  97.6000 126.0000 0001000   0.0000  60.0000 15.12033277     7
80388
1 80388U 26001A   26187.00000000  .00000000  00000-0  00000-0 0  9990
2 80388  97.6000 126.0000 0001000   0.0000  90.0000 15.12033277     1
80389
1 80389U 26001A   26187.00000000  .00000000  00000-0  00000-0 0  9991
2 80389  97.6000 126.0000 0001000   0.0000 120.0000 15.12033277     6
80390
1 80390U 26001A   26187.00000000  .00000000  00000-0  00000-0 0  9993
2 80390  97.6000 126.0000 0001000   0.0000 150.0000 15.12033277     1
80391
1 80391U 26001A   26187.00000000  .00000000  00000-0  00000-0 0  9994
2 80391  97.6000 126.0000 0001000   0.0000 180.0000 15.12033277     5
80392
1 80392U 26001A   26187.00000000  .00000000  00000-0  00000-0 0  9995
2 80392  97.6000 126.0000 0001000   0.0000 210.0000 15.12033277     0
80393
1 80393U 26001A   26187.00000000  .00000000  00000-0  00000-0 0  9996
2 80393  97.6000 126.0000 0001000   0.0000 240.0000 15.12033277     4
80394
1 80394U 26001A   26187.00000000  .00000000  00000-0  00000-0 0  9997
2 80394  97.6000 126.0000 0001000   0.0000 270.0000 15.12033277     8
80395
1 80395U 26001A   26187.00000000  .00000000  00000-0  00000-0 0  9998
2 80395  97.6000 126.0000 0001000   0.0000 300.0000 15.12033277     3
80396
1 80396U 26001A   26187.00000000  .00000000  00000-0  00000-0 0  9999
2 80396  97.6000 126.0000 0001000   0.0000 330.0000 15.12033277     7
80397
1 80397U 26001A   26187.00000000  .00000000  00000-0  00000-0 0  9990
2 80397  97.6000 144.0000 0001000   0.0000   0.0000 15.12033277     2
80398
1 80398U 26001A   26187.00000000  .00000000  00000-0  00000-0 0  9991
2 80398  97.6000 144.0000 0001000   0.0000  30.0000 15.12033277     6
80399
1 80399U 26001A   26187.00000000  .00000000  00000-0  00000-0 0  9992
2 80399  97.6000 144.0000 0001000   0.0000  60.0000 15.12033277     0
80400
1 80400U 26001A   26187.00000000  .00000000  00000-0  00000-0 0  9995
2 80400  97.6000 144.0000 0001000   0.0000  90.0000 15.12033277     6
80401
1 80401U 26001A   26187.00000000  .00000000  00000-0  00000-0 0  9996
2 80401  97.6000 144.0000 0001000   0.0000 120.0000 15.12033277     1
80402
1 80402U 26001A   26187.00000000  .00000000  00000-0  00000-0 0  9997
2 80402  97.6000 144.0000 0001000   0.0000 150.0000 15.12033277     5
80403
1 80403U 26001A   26187.00000000  .00000000  00000-0  00000-0 0  9998
2 80403  97.6000 144.0000 0001000   0.0000 180.0000 15.12033277     9
80404
1 80404U 26001A   26187.00000000  .00000000  00000-0  00000-0 0  9999
2 80404  97.6000 144.0000 0001000   0.0000 210.0000 15.12033277     4
80405
1 80405U 26001A   26187.00000000  .00000000  00000-0  00000-0 0  9990
2 80405  97.6000 144.0000 0001000   0.0000 240.0000 15.12033277     8
80406
1 80406U 26001A   26187.00000000  .00000000  00000-0  00000-0 0  9991
2 80406  97.6000 144.0000 0001000   0.0000 270.0000 15.12033277     2
80407
1 80407U 26001A   26187.00000000  .00000000  00000-0  00000-0 0  9992
2 80407  97.6000 144.0000 0001000   0.0000 300.0000 15.12033277     7
80408
1 80408U 26001A   26187.00000000  .00000000  00000-0  00000-0 0  9993
2 80408  97.6000 144.0000 0001000   0.0000 330.0000 15.12033277     1
80409
1 80409U 26001A   26187.00000000  .00000000  00000-0  00000-0 0  9994
2 80409  97.6000 162.0000 0001000   0.0000   0.0000 15.12033277     6
80410
1 80410U 26001A   26187.00000000  .00000000  00000-0  00000-0 0  9996
2 80410  97.6000 162.0000 0001000   0.0000  30.0000 15.12033277     1
80411
1 80411U 26001A   26187.00000000  .00000000  00000-0  00000-0 0  9997
2 80411  97.6000 162.0000 0001000   0.0000  60.0000 15.12033277     5
80412
1 80412U 26001A   26187.00000000  .00000000  00000-0  00000-0 0  9998
2 80412  97.6000 162.0000 0001000   0.0000  90.0000 15.12033277     9
80413
1 80413U 26001A   26187.00000000  .00000000  00000-0  00000-0 0  9999
2 80413  97.6000 162.0000 0001000   0.0000 120.0000 15.12033277     4
80414
1 80414U 26001A   26187.00000000  .00000000  00000-0  00000-0 0  9990
2 80414  97.6000 162.0000 0001000   0.0000 150.0000 15.12033277     8
80415
1 80415U 26001A   26187.00000000  .00000000  00000-0  00000-0 0  9991
2 80415  97.6000 162.0000 0001000   0.0000 180.0000 15.12033277     2
80416
1 80416U 26001A   26187.00000000  .00000000  00000-0  00000-0 0  9992
2 80416  97.6000 162.0000 0001000   0.0000 210.0000 15.12033277     7
80417
1 80417U 26001A   26187.00000000  .00000000  00000-0  00000-0 0  9993
2 80417  97.6000 162.0000 0001000   0.0000 240.0000 15.12033277     1
80418
1 80418U 26001A   26187.00000000  .00000000  00000-0  00000-0 0  9994
2 80418  97.6000 162.0000 0001000   0.0000 270.0000 15.12033277     5
80419
1 80419U 26001A   26187.00000000  .00000000  00000-0  00000-0 0  9995
2 80419  97.6000 162.0000 0001000   0.0000 300.0000 15.12033277     0
80420
1 80420U 26001A   26187.00000000  .00000000  00000-0  00000-0 0  9997
2 80420  97.6000 162.0000 0001000   0.0000 330.0000 15.12033277     5
80421
1 80421U 26001A   26187.00000000  .00000000  00000-0  00000-0 0  9998
2 80421  55.0000   0.0000 0001000   0.0000   0.0000  1.86512155     2
80422
1 80422U 26001A   26187.00000000  .00000000  00000-0  00000-0 0  9999
2 80422  55.0000   0.0000 0001000   0.0000  45.0000  1.86512155     2
80423
1 80423U 26001A   26187.00000000  .00000000  00000-0  00000-0 0  9990
2 80423  55.0000   0.0000 0001000   0.0000  90.0000  1.86512155     3
80424
1 80424U 26001A   26187.00000000  .00000000  00000-0  00000-0 0  9991
2 80424  55.0000   0.0000 0001000   0.0000 135.0000  1.86512155     4
80425
1 80425U 26001A   26187.00000000  .00000000  00000-0  00000-0 0  9992
2 80425  55.0000   0.0000 0001000   0.0000 180.0000  1.86512155     5
80426
1 80426U 26001A   26187.00000000  .00000000  00000-0  00000-0 0  9993
2 80426  55.0000   0.0000 0001000   0.0000 225.0000  1.86512155     6
80427
1 80427U 26001A   26187.00000000  .00000000  00000-0  00000-0 0  9994
2 80427  55.0000   0.0000 0001000   0.0000 270.0000  1.86512155     7
80428
1 80428U 26001A   26187.00000000  .00000000  00000-0  00000-0 0  9995
2 80428  55.0000   0.0000 0001000   0.0000 315.0000  1.86512155     8
80429
1 80429U 26001A   26187.00000000  .00000000  00000-0  00000-0 0  9996
2 80429  55.0000 120.0000 0001000   0.0000  15.0000  1.86512155     9
80430
1 80430U 26001A   26187.00000000  .00000000  00000-0  00000-0 0  9998
2 80430  55.0000 120.0000 0001000   0.0000  60.0000  1.86512155     1
80431
1 80431U 26001A   26187.00000000  .00000000  00000-0  00000-0 0  9999
2 80431  55.0000 120.0000 0001000   0.0000 105.0000  1.86512155     2
80432
1 80432U 26001A   26187.00000000  .00000000  00000-0  00000-0 0  9990
2 80432  55.0000 120.0000 0001000   0.0000 150.0000  1.86512155     3
80433
1 80433U 26001A   26187.00000000  .00000000  00000-0  00000-0 0  9991
2 80433  55.0000 120.0000 0001000   0.0000 195.0000  1.86512155     3
80434
1 80434U 26001A   26187.00000000  .00000000  00000-0  00000-0 0  9992
2 80434  55.0000 120.0000 0001000   0.0000 240.0000  1.86512155     5
80435
1 80435U 26001A   26187.00000000  .00000000  00000-0  00000-0 0  9993
2 80435  55.0000 120.0000 0001000   0.0000 285.0000  1.86512155     5
80436
1 80436U 26001A   26187.00000000  .00000000  00000-0  00000-0 0  9994
2 80436  55.0000 120.0000 0001000   0.0000 330.0000  1.86512155     7
80437
1 80437U 26001A   26187.00000000  .00000000  00000-0  00000-0 0  9995
2 80437  55.0000 240.0000 0001000   0.0000  30.0000  1.86512155     8
80438
1 80438U 26001A   26187.00000000  .00000000  00000-0  00000-0 0  9996
2 80438  55.0000 240.0000 0001000   0.0000  75.0000  1.86512155     8
80439
1 80439U 26001A   26187.00000000  .00000000  00000-0  00000-0 0  9997
2 80439  55.0000 240.0000 0001000   0.0000 120.0000  1.86512155     0
80440
1 80440U 26001A   26187.00000000  .00000000  00000-0  00000-0 0  9999
2 80440  55.0000 240.0000 0001000   0.0000 165.0000  1.86512155     1
80441
1 80441U 26001A   26187.00000000  .00000000  00000-0  00000-0 0  9990
2 80441  55.0000 240.0000 0001000   0.0000 210.0000  1.86512155     3
80442
1 80442U 26001A   26187.00000000  .00000000  00000-0  00000-0 0  9991
2 80442  55.0000 240.0000 0001000   0.0000 255.0000  1.86512155     3
80443
1 80443U 26001A   26187.00000000  .00000000  00000-0  00000-0 0  9992
2 80443  55.0000 240.0000 0001000   0.0000 300.0000  1.86512155     5
80444
1 80444U 26001A   26187.00000000  .00000000  00000-0  00000-0 0  9993
2 80444  55.0000 240.0000 0001000   0.0000 345.0000  1.86512155     5
80445
1 80445U 26001A   26187.00000000  .00000000  00000-0  00000-0 0  9994
2 80445   0.0500   0.0000 0000100   0.0000   0.0000  1.00273907     8
80446
1 80446U 26001A   26187.00000000  .00000000  00000-0  00000-0 0  9995
2 80446   0.0500   0.0000 0000100   0.0000  60.0000  1.00273907     5
80447
1 80447U 26001A   26187.00000000  .00000000  00000-0  00000-0 0  9996
2 80447   0.0500   0.0000 0000100   0.0000 120.0000  1.00273907     3
80448
1 80448U 26001A   26187.00000000  .00000000  00000-0  00000-0 0  9997
2 80448   0.0500   0.0000 0000100   0.0000 180.0000  1.00273907     0
80449
1 80449U 26001A   26187.00000000  .00000000  00000-0  00000-0 0  9998
2 80449   0.0500   0.0000 0000100   0.0000 240.0000  1.00273907     8
80450
1 80450U 26001A   26187.00000000  .00000000  00000-0  00000-0 0  9990
2 80450   0.0500   0.0000 0000100   0.0000 300.0000  1.00273907     7
